32,5
32,1
32,3
14,10
24,1
24,3
14,9
3,2
3,1
3,3
10,179
10,13
10,191
10,285
10,203
10,165
10,131
10,253
11,9
11,27
11,7
11,30
11,8
11,18
9,5
8,12
8,7
12,2
12,1
12,3
259,590
259,589
259,588
259,587
259,586
259,585
259,584
259,583
259,582
259,581
259,580
259,579
259,578
259,577
259,576
259,575
259,574
259,573
259,572
259,571
259,570
259,569
259,568
259,567
259,566
259,565
259,564
259,1
223,5
223,4
223,3
223,2
223,1
20,2
217,3
20,1
217,1
215,4
215,3
20,3
215,1
214,4
214,3
214,2
214,1
103,96
19,2
103,95
19,1
103,94
103,93
19,3
103,92
103,91
103,90
103,89
103,88
103,87
103,85
103,84
103,83
103,82
103,81
103,80
103,79
103,78
103,77
103,76
103,75
103,74
103,73
103,72
103,71
103,70
103,69
103,68
103,67
103,13
103,12
103,1
84,4
84,3
84,1
54,5
54,4
54,3
54,2
54,1
44,3
44,1
43,4
43,3
43,1
